#Day la file demo su dung cach doc va ghi file su dung fstream
# id	file_path	transparent_color_r	g	b
[TEXTURES]
0	textures\mario.png	255	255	255
10	textures\spritemario.png	68	145	190
20	textures\misc.png	176	224	248
21	textures\miscs.png	224	163	216
22	textures\item.png	166	185	255
23	textures\enemy.png	64	128	0
24	textures\enemies-3.png	68	145	190
25	textures\font.png	255	0	255
41	textures\title.png	40	40	40



# id	left	top	right	bottom	texture_id
[SPRITES]
# BIG MARIO 
# idle right
10001	246	154	260	181	0
# walk
10002	275	154	290	181	0		
10003	304	154	321	181	0
# idle left
10011	186	154	200	181	0
#walk
10012	155	154	170	181	0
10013	125	154	140	181	0
# die 
10099	215	120	231	135	0
# SMALL MARIO
# idle small right
10021	247	0	259	15	0
# walk
10022	275	0	291	15	0
10023	306	0	320	15	0
# idle small left
10031	187	0	198	15	0
# walk
10032	155	0	170	15	0
10033	125	0	139	15	0

#QUESTION BRICK
#40001	300	117	316	133	20
#40002	318	117	334	133	20
#40003	336	117	352	133	20
#40004	355	117	370	133	20

#SMALL Mario
20001	524	16	540	32	10
20002	542	16	558	32	10
20003	560	16	576	32	10
20004	578	16	594	32	10
20005	596	16	612	32	10
20006	614	16	630	32	10
20007	632	16	648	32	10
20008	650	16	666	32	10
20009	668	16	684	32	10
20010	686	16	702	32	10
20011	704	16	720	32	10
20012	722	16	738	32	10
20013	740	16	756	32	10
20014	758	16	774	32	10
20015	776	16	792	32	10
20016	794	16	810	32	10
20017	812	16	828	32	10
20018	830	16	846	32	10
20019	505	16	521	32	10
20020	487	16	503	32	10
20021	469	16	485	32	10
20022	451	16	467	32	10
20023	433	16	449	32	10
20024	415	16	431	32	10
20025	397	16	413	32	10
20026	379	16	395	32	10
20027	361	16	377	32	10
20028	343	16	359	32	10
20029	325	16	341	32	10
20030	307	16	323	32	10
20031	289	16	305	32	10
20032	271	16	287	32	10
20033	253	16	269	32	10
20034	235	16	251	32	10
20035	217	16	233	32	10

#Super Mario Left					
20036	524	92	540	120	10
20037	542	92	558	120	10
20038	560	92	576	120	10
20039	578	96	594	120	10
20040	596	92	612	120	10
20041	614	92	638	120	10
20042	640	92	664	120	10
20043	666	92	690	120	10
20044	692	92	716	120	10
20045	718	92	734	120	10
20046	736	92	752	120	10
20047	754	92	770	120	10
20048	772	92	788	120	10
20049	790	92	806	120	10
20050	808	92	824	120	10
20051	826	92	850	120	10
20052	852	92	868	120	10
20053	870	92	894	120	10
20054	896	92	912	120	10
20055	922	92	946	120	10
20056	948	92	972	120	10
20057	974	88	990	116	10
20058	524	122	548	154	10
20059	550	122	574	154	10
20060	576	122	600	154	10
20061	602	122	626	154	10
20062	628	122	652	154	10
20063	654	122	678	154	10
20064	680	122	704	154	10
20065	706	122	730	154	10
20066	732	130	748	154	10
20067	948	122	972	146	10
20068	974	122	990	154	10
#Super Mario Right					
20069	505	92	521	120	10
20070	487	92	503	120	10
20071	469	92	485	120	10
20072	451	96	467	120	10
20073	433	92	449	120	10
20074	407	92	431	120	10
20075	381	92	405	120	10
20076	355	92	379	120	10
20077	329	92	353	120	10
20078	311	92	327	120	10
20079	293	92	309	120	10
20080	275	92	291	120	10
20081	257	92	273	120	10
20082	239	92	255	120	10
20083	221	92	237	120	10
20084	195	92	219	120	10
20085	177	92	193	120	10
20086	151	92	175	120	10
20087	125	92	149	120	10
20088	99	92	123	120	10
20089	73	92	97	120	10
20090	55	92	71	120	10
20091	497	122	521	154	10
20092	471	122	495	154	10
20093	445	122	469	154	10
20094	419	122	443	154	10
20095	393	122	417	154	10
20096	367	122	391	154	10
20097	341	122	365	154	10
20098	315	122	339	154	10
20099	297	130	313	154	10
20100	73	122	97	146	10
20101	55	122	71	154	10

#FIRE MARIO					
#LEFT					
20102	524	264	540	292	10
20103	542	264	558	292	10
20104	560	264	576	292	10
20105	578	260	594	284	10
20106	596	264	612	292	10
20107	614	264	638	292	10
20108	640	264	664	292	10
20109	666	264	690	292	10
20110	692	264	716	292	10
20111	718	264	734	292	10
20112	736	264	752	292	10
20113	754	264	770	292	10
20114	772	264	788	292	10
20115	790	264	806	292	10
20116	808	264	824	292	10
20117	826	264	850	292	10
20118	852	264	868	292	10
20119	870	264	894	292	10
20120	896	264	912	292	10
20121	922	264	946	292	10
20122	948	264	972	292	10
20123	974	264	990	292	10
20124	524	298	548	326	10
20125	550	298	574	326	10
20126	576	298	600	326	10
20127	602	298	626	326	10
20128	628	298	652	326	10
20129	654	298	678	326	10
20130	680	298	704	326	10
20131	706	298	730	326	10
20132	732	298	748	326	10
20133	750	298	766	326	10
#RIGHT					
20134	505	264	521	292	10
20135	487	264	503	292	10
20136	469	264	485	292	10
20137	451	268	467	292	10
20138	433	264	449	292	10
20139	407	264	431	292	10
20140	381	264	405	292	10
20141	355	264	379	292	10
20142	329	264	353	292	10
20143	311	264	327	292	10
20144	293	264	309	292	10
20145	275	264	291	292	10
20146	257	264	273	292	10
20147	239	264	255	292	10
20148	221	264	237	292	10
20149	195	264	219	292	10
20150	177	264	193	292	10
20151	151	264	175	292	10
20152	125	264	149	292	10
20153	99	264	123	292	10
20154	73	264	97	292	10
20155	55	264	71	292	10
20156	497	298	521	326	10
20157	471	298	495	326	10
20158	445	298	469	326	10
20159	419	298	443	326	10
20160	393	298	417	326	10
20161	367	298	391	326	10
20162	341	298	365	326	10
20163	315	298	339	326	10
20164	297	298	313	326	10
20165	279	298	295	326	10

#RACCON MARIO					
#LEFT					
20166	524	350	548	378	10
20167	550	350	574	378	10
20168	576	350	600	378	10
20169	602	350	626	374	10
20170	628	350	652	378	10
20171	654	350	678	378	10
20172	680	350	704	378	10
20173	706	350	730	378	10
20174	732	350	756	378	10
20175	758	350	782	378	10
20176	784	350	808	378	10
20177	810	350	834	378	10
20178	836	350	860	378	10
20179	862	350	878	378	10
20180	880	350	896	378	10
20181	898	350	922	378	10
20182	924	350	940	378	10
20183	524	384	548	412	10
20184	550	384	574	412	10
20185	576	384	600	412	10
20186	602	384	626	412	10
20187	628	384	644	412	10
20188	646	384	670	412	10
20189	672	384	696	412	10
20190	698	384	722	412	10
20191	724	384	748	412	10
20192	750	384	766	412	10
20193	768	384	792	412	10
20194	794	384	818	412	10
20195	820	384	844	412	10
20196	846	384	870	412	10
20197	872	384	896	412	10
20198	898	384	922	412	10
20199	924	384	948	412	10
20200	950	384	974	412	10
#RIGHT				
20201	497	350	521	378	10
20202	471	350	495	378	10
20203	445	350	469	378	10
20204	419	346	443	370	10
20205	393	350	417	378	10
20206	367	350	391	378	10
20207	341	350	365	378	10
20208	315	350	339	378	10
20209	289	350	313	378	10
20210	263	350	287	378	10
20211	237	350	261	378	10
20212	211	350	235	378	10
20213	185	350	209	378	10
20214	167	350	183	378	10
20215	141	350	165	378	10
20216	107	350	131	378	10
20217	71	350	95	378	10

20218	497	384	521	412	10
20219	471	384	495	412	10
20220	445	384	469	412	10
20221	419	384	443	412	10
20222	401	384	417	412	10
20223	375	384	399	412	10
20224	349	384	373	412	10
20225	323	384	347	412	10
20226	297	384	321	412	10
20227	279	384	295	412	10
20228	253	384	277	412	10
20229	227	384	251	412	10
20230	201	384	225	412	10
20231	175	384	199	412	10
20232	149	384	173	412	10
20233	123	384	147	412	10
20234	97	384	121	412	10
20235	71	384	95	412	10


#Question Brick
30001	1208	1	1224	17	21
30002	1140	1	1156	17	21
30003	1157	1	1173	17	21
30004	1174	1	1190	17	21
30005	1191	1	1207	17	21

#cloud
30006	698	1	714	17	21
#golden
30007	953	69	969	85	21
30008	970	69	986	85	21
30009	987	69	1003	85	21
30010	1004	69	1020	85	21
30011	1021	69	1037	85	21

#nam					
30201	156	121	172	137	22
#la
30202	180	123	196	137	22
#gach
30203	254	188	270	205	22

30204	274	188	290	205	22
30205	293	188	309	205	22
30206	312	188	328	205	22
30207	331	188	347	205	22

#item cuoi map

30300	156	121	172	137	22
30302	201	121	217	137	22
30301	309	121	325	137	22

#nut P

30400	1174	69	1190	85	21
30401	1191	69	1207	85	21
30402	1208	69	1224	85	21
30403	1225	77		1241	85	21


#koopas					
#left					
30013	524	193	540	220	23
30014	541	193	557	220	23
30015	524	221	540	237	23
30016	541	221	557	237	23
30017	558	221	574	237	23
30018	575	221	591	237	23
30019	524	238	540	254	23
30020	541	238	557	254	23
30021	558	238	574	254	23
30022	575	238	591	254	23
30023	524	255	540	283	23
30024	514	255	530	283	23
30025	558	255	574	283	23
30026	575	255	591	283	23
30027	524	284	548	316	23
30028	549	284	573	316	23
30029	524	317	548	349	23
30030	549	317	573	349	23
#right					
30031	603	194	619	221	23
30032	620	194	636	221	23
30033	603	222	619	238	23
30034	620	222	636	238	23
30035	637	222	653	238	23
30036	654	222	670	238	23
30037	603	239	619	255	23
30038	620	239	636	255	23
30039	637	239	653	255	23
30040	654	239	670	255	23
30041	603	256	627	284	23
30042	620	256	644	284	23
30043	637	256	661	284	23
30044	654	256	678	284	23
30045	603	285	603	317	23
30046	628	285	628	317	23
30047	603	138	603	170	23
30048	628	138	628	170	23

#koopass green					
#left					
30050	402	346	418	373	23
30051	419	346	435	373	23
30052	402	374	418	390	23
30053	419	374	435	390	23
30054	436	374	452	390	23
30055	453	374	469	390	23
30056	402	391	418	407	23
30057	419	391	435	407	23
30058	436	391	452	407	23
30059	453	391	469	407	23
30060	402	408	418	436	23
30061	419	408	435	436	23
30062	436	408	452	436	23
30063	453	408	469	436	23
#Right					
30064	334	345	350	372	23
30065	317	345	333	372	23
30066	368	373	384	389	23
30067	351	373	367	389	23
30068	334	373	350	389	23
30069	317	373	333	389	23
30070	368	390	384	406	23
30071	351	390	367	406	23
30072	334	390	350	406	23
30073	317	390	333	406	23
30074	368	407	384	435	23
30075	351	407	367	435	23
30076	334	407	350	435	23
30077	317	407	333	435	23


#fireball					
20250	768	302	776	318	10
20251	778	302	786	318	10
20252	788	302	796	318	10
20253	798	302	806	318	10
20254	808	302	816	318	10
20255	818	302	826	318	10
20256	828	302	836	318	10
20257	838	302	846	318	10
20258	848	302	856	318	10
20259	858	302	866	318	10
20260	868	302	876	318	10
20261	878	302	886	318	10
20262	269	302	277	318	10
20263	259	302	267	318	10
20264	249	302	257	318	10
20265	239	302	247	318	10
20266	229	302	237	318	10
20267	219	302	227	318	10
20268	209	302	217	318	10
20269	199	302	207	318	10
20270	189	302	197	318	10
20271	179	302	187	318	10
20272	169	302	177	318	10
20273	159	302	167	318	10


#Goombas					
30100	17	303	33	318	23
30101	34	303	50	318	23
30102	32	7	48	16	24

30103	17	399	37	418	23
30104	38	399	58	418	23
30105	17	420	37	444	23
30106	38	420	58	444	23
30107	59	420	79	444	23
30108	80	420	100	444	23
30109	88	0	104	16	24
30110	104	0	120	16	24
30111	120	0	136	16	24

#plants left							
30120	0	144	16	176	24	16	32
30121	16	144	32	176	24	16	32
30122	32	144	48	176	24	16	32
30123	48	144	64	176	24	16	32
30124	64	144	80	176	24	16	32
30125	80	144	96	176	24	16	32
30126	96	144	112	176	24	16	32
30127	112	144	128	176	24	16	32
30128	128	144	144	176	24	16	32
30129	144	144	160	176	24	16	32
30130	160	144	176	176	24	16	32
30131	176	144	192	176	24	16	32
#Right							
#Right					
30132	1362	144	1378	176	24
30133	1346	144	1362	176	24
30134	1330	144	1346	176	24
30135	1314	144	1330	176	24
30136	1298	144	1314	176	24
30137	1282	144	1298	176	24
30138	1266	144	1282	176	24
30139	1250	144	1266	176	24
30140	1234	144	1250	176	24
30141	1218	144	1234	176	24
30142	1202	144	1218	176	24
30143	1186	144	1202	176	24


#waterpipe					
30208	69	35	85	51	21
30209	86	35	102	51	21
30210	69	52	85	68	21
30211	86	52	102	68	21
30212	1	69	17	85	21
30213	18	69	34	85	21
30214	1	86	17	102	21
30215	18	86	34	102	21


#font							
40001	3	3	155	31	25	152	28
40002	163	3	235	31	25	72	28
40003	3	33	11	40	25	8	7
40004	12	33	27	40	25	15	7
40005	8	43	24	50	25	16	7
40006	8	51	24	58	25	16	7
40007	33	32	41	39	25	8	7
40008	43	32	51	39	25	8	7
40009	53	32	61	39	25	8	7
40010	63	32	71	39	25	8	7
40011	73	32	81	39	25	8	7
40012	83	32	91	39	25	8	7
40013	93	32	101	39	25	8	7
40014	103	32	111	39	25	8	7
40015	113	32	121	39	25	8	7
40016	123	32	131	39	25	8	7
40017	133	32	141	39	25	8	7
40018	143	32	151	39	25	8	7
40019	33	42	41	49	25	8	7
40020	43	42	51	49	25	8	7
40021	53	42	61	49	25	8	7
40022	63	42	71	49	25	8	7
40023	73	42	81	49	25	8	7
40024	83	42	91	49	25	8	7
40025	93	42	101	49	25	8	7
40026	103	42	111	49	25	8	7
40027	113	42	121	49	25	8	7
40028	123	42	131	49	25	8	7
40029	133	42	141	49	25	8	7
40030	143	42	151	49	25	8	7
40031	33	52	41	59	25	8	7
40032	43	52	51	59	25	8	7
40033	53	52	61	59	25	8	7
40034	63	52	71	59	25	8	7
40035	73	52	81	59	25	8	7
40036	83	52	91	59	25	8	7
40037	93	52	101	59	25	8	7
40038	103	52	111	59	25	8	7
40039	113	52	121	59	25	8	7
40040	123	52	131	59	25	8	7
40041	133	52	141	59	25	8	7
40042	143	52	151	59	25	8	7
40043	163	33	187	61	25	32	28
40044	187	33	211	61	25	32	28
40045	211	33	235	61	25	32	28
40046	235	33	259	61	25	32	28

#intro
41000	0	188	256	224	41
41001	258	226	514	242	41
41002	258	243	514	259	41
41003	516	226	772	413	41
41004	194	363	236	404	41
41005	240	363	282	404	41
41006	287	363	329	404	41
41007	333	363	375	404	41
41008	30	307	142	331	41
41009	155	307	267	331	41


# ani_id	sprite1_id	time1	sprite2_id	time2	...
[ANIMATIONS]

#SMALL MARIO
ani_id	sprite1_id	time1	sprite2_id	time2
#IDLE LEFT				
10001	20001	100
#WALK LEFT				
10002	20001	100	20002	100
#SLIDE LEFT				
10003	20012	100
#JUMP LEFT				
10004	20003	100
#SKID				
10005	20007	100
#RUN LEFT				
10006	20004	100	20005	100
#RUN JUMP LEFT				
10007	20006	100
#HOLD LEFT
10008	20009	100	20010	100
#KICK LEFT				
10009	20011	100
#SWIM IDLE LEFT				
10010	20013	100	20014	100
#SWIM INPUT LEFT				
10011	20015	100	20016	100
#CLIMB LEFT				
10012	20017	100
#PIPE				
10013	20008	100
#DIE				
10014	20018	100
#IDLE RIGHT				
10015	20019	100
#WALK RIGHT				
10016	20019	100	20020	100
#SLIDE RIGHT				
10017	20030	100
#JUMP RIGHT				
10018	20021	100
#SKID RIGHT				
10019	20025	100
#RUN RIGHT				
10020	20022	100	20023	100
#RUN JUMP RIGHT				
10021	20024	100
#HOLD RIGHT				
10022	20027	100	20028	100
#KICK RIGHT				
10023	20029	100
#SWIM IDLE RIGHT				
10024	20031	100	20032	100
#SWIM INPUT RIGHT				
10025	20033	100	20034	100
#CLIMB RIGHT				
10026	20035	100

#Super Mario						
#IDLE LEFT						
10027	20036	100
#WALK LEFT						
10028	20036	100	20037	100	20038	100
#DUCK LEFT						
10029	20039	100
#SLIDE			
10030	20052	100
#JUMP LEFT						
10031	20040	100
#SKID						
10032	20045	100
#THROW LEFT						
10033	20036	100
#RUN LEFT						
10034	20041	100	20042	100	20043	100
#RUN JUMP LEFT						
10035	20044	100
#HOLD LEFT						
10036	20048	100	20049	100	20050	100
#KICK						
10037	20051	100
#SWIM IDLE						
10038	20053	100	20054	100	20055	100
#SWIM INPUT						
10039	20056	100	20044	100
#CLIMB LEFT						
10040	20057	100
#DOOR						
10041	20047	100
#SPIN LEFT						
10042	20058	100	20059	100	20060	100	20061	100	20062	100	20063	100	20064	100	20065	100
#BONK LEFT						
10043	20067	100
#LOOKUP LEFT						
10044	20068	100
#IDLE RIGHT						
10045	20069	100
#WALK RIGHT						
10046	20069	100	20070	100	20071	100
#DUCK RIGHT						
10047	20072	100
#SLIDE						
10048	20085	100
#JUMP RIGHT						
10049	20073	100
#SKID LEFT						
10050	20078	100
#THROW RIGHT						
10051	20069	100
#RUN RIGHT						
10052	20074	100	20075	100	20076	100
#RUN JUMP RIGHT						
10053	20077	100
#HOLD RIGHT						
10054	20081	100	20082	100	20083	100
#KICK RIGHT						
10055	20084	100
#SWIM IDLE RIGHT						
10056	20086	100	20087	100	20088	100
#SWIM INPUT RIGHT						
10057	20089	100	20077	100
#CLIMB RIGHT						
10058	20090	100
#SPIN RIGHT						
10059	20091	100	20092	100	20093	100	20094	100	20095	100	20096	100	20097	100	20098	100
#BONK RIGHT						
10060	20100	100
#LOOKUP RIGHT						
10061	20101	100
#PIPE LEFT						
10062	20046	100
#GROW LEFT				
10063	20001	100	20066	100
#GROW RIGHT				
10064	20019	100	20099	100
#SHRINK LEFT				
10065	20066	100	20001	100
#SHIRINK RIGHT				
10066	20099	100	20019	100

#FRIE MARIO																
#IDLE LEFT																
10067	20102	100
#WALK LEFT																
10068	20102	100	20103	100	20104	100
#DUCK LEFT																
10069	20105	100
#SLIDE LEFT																
10070	20118	100
#JUMP LEFT																
10071	20106	100
#SKID LEFT																
10072	20111	100
#THROW LEFT																
10073	20132	100	20133	100
#RUN LEFT																
10074	20107	100	20108	100	20109	100
#RUN JUMP LEFT																
10075	20110	100
#HOLD LEFT																
10076	20114	100	20115	100	20116	100
#KICK LEFT																
10077	20117	100
#SWIM IDLE LEFT																
10078	20119	100	20120	100	20121	100
#SWIM INPUT LEFT																
10079	20122	100	20110	100
#CLIMB LEFT																
10080	20123	100
#PIPE LEFT																
10081	20112	100
#DOOR LEFT																
10082	20113	100
#SPIN LEFT																
10083	20124	100	20125	100	20126	100	20127	100	20128	100	20129	100	20130	100	20131	100
#IDLE RIGHT																
10084	20134	100
#WALK RIGHT																
10085	20134	100	20135	100	20136	100
#DUCK RIGHT																
10086	20137	100
#SLIDE RIGHT																
10087	20150	100
#JUMP RIGHT																
10088	20138	100
#SKID RIGHT																
10089	20143	100
#THROW RIGHT																
10090	20164	100	20165	100
#RUN RIGHT																
10091	20139	100	20140	100	20141	100
#RUN JUMP RIGHT																
10092	20142	100
#HOLD RIGHT																
10093	20146	100	20147	100	20148	100
#KICK RIGHT																
10094	20149	100
#SWIM IDLE RIGHT																
10095	20151	100	20152	100	20153	100
#SWIM INPUT RIGHT																
10096	20154	100	10092	100
#CLIMB RIGHT																
10097	20155	100
# SPIN RIGHT																
10098	20156	100	20157	100	20158	100	20159	100	20160	100	20161	100	20162	100	20163	100

#RACCOON MARIO																
#IDLE LEFT																
10099	20166	100
#WALK LEFT
10100	20166	100	20167	100	20168	100
#WAG LEFT																
10101	20171	100	20168	100	20172	100
#DUCK LEFT																
10102	20169	100
#SLIDE LEFT																
10103	20187	100
#JUMP LEFT																
10104	20170	100
#SKID LEFT																
10105	20179	100
#THROW LEFT	CHUA CO SPRITE															
10106	20179	100
#RUN LEFT																
10107	20173	100	20174	100	20175	100
#RUN JUM																
10108	20176	100
#FLY LEFT																
10109	20177	1	20176	1
#HOLD LEFT																
10110	20183	100	20184	100	20185	100
#KICK LEFT																
10111	20186	100
#SWIM IDLE LEFT																
10112	20188	100	20189	100	20190	100
#SWIM INPUT LEFT																
10113	20191	100	20176	100
#CLIMB LEFT																
10114	20192	100
#PIPE																
10115	20180	100
#DOOR																
10116	20182	100
#SPIN LEFT																
10117	20193	100	20194	100	20195	100	20196	100	20197	100	20198	100	20199	100	20200	100
#RIGHT																
#IDLIE RIGHT																
10118	20201	100
#WALK RIGHT																
10119	20201	100	20202	100	20203	100
#WAG RIGHT																
10120	20206	100	20203	100	20207	100
#DUCK RIGHT																
10121	20204	100
#SLIDE RIGHT																
10122	20222	100
#JUMP RIGHT																
10123	20205	100
#SKID RIGHT																
10124	20214	100
#THROW RIGHT CHUA CO SPRITE																
10125	20214	100
#RUN RIGHT																
10126	20208	100	20209	100	20210	100
#RUN JUMP																
10127	20211	100
#FLY RIGHT																
10128	20212	1	20211	1
#HOLD RIGHT																
10129	20218	100	20219	100	20220	100
#KICK RIGHT																
10130	20221	100
#SWIM IDLE RIGHT																
10131	20223	100	20224	100	20225	100
#SWIM INPUT RIGHT																
10132	20226	100	20211	100
#CLIMB RIGHT																
10133	20227	100
#SPIN RIGHT																
10134	20228	100	20229	100	20230	100	20231	100	20232	100	20233	100	20234	100	20235	100

#right						
10140	20180	100	20181	100	20182	100
#left						
10141	20215	100	20216	100	20217	100


#ball								
10150	20250	100	20251	100	20252	100	20253	100
10151	20262	100	20263	100	20264	100	20265	100





#animation nam	
30005	30201	100
#animation nam
30011	30202	100




#animation koopas
30006	30013	100	30014	100
30007	30031	100	30032	100
30008	30022	100
30009	30037	100
30010	30019	100	30020	100	30021	100	30022	100

#animation Goombas
30012	30100	100	30101	100
30013	30102	100

30014	30103	100	30104	100
30015	30105	100	30106	100	30107	100	30108	100
30016	30109	100	30110	100
30017	30111	100

#koopas green
30018	30050	100	30051	100
30019	30064	100	30065	100
30020	30052	100	30053	100	30054	100	30055	100
30021	30066	100	30067	100	30068	100	30069	100
30022	30056	100	30057	100	30058	100	30059	100
30023	30070	100	30071	100	30072	100	30073	100
30024	30060	100	30061	100	30062	100	30063	100
30025	30074	100	30075	100	30076	100	30077	100
30026	30052	100


#intro
#gach
40000	41000	100
40001	41001	100
40002	41002	100
40003	41004	50	41005	50	41004	50	41005	50
40004	41008
40005	41009
#
# id	ani1	ani2	ani3
#
[ANIMATION_SETS]

#mario	idle		walk		slide		jump		skid		run		run jump	hold		kick		swim		swim input	climb		pipe	die	idle		walk		duck		slide		jump		skid		throw		run		run jump	hold		kick		swim idle	swim input	climb		pipe	door	spin		bonk		look up		GROW		SHRINK		idle		walk		duck		slide		jump		skid		throw		run		run jump	hold		kick		swim idle	swim input	climb		pipe	door	spin		idle		walk		wag		duck		slide		jump		skid		throw		run		run jump	fly		hold		kick		swim idle	swim input	climb		pipe	door	spin		wag
2	10001	10015	10002	10016	10003	10017	10004	10018	10005	10019	10006	10020	10007	10021	10008	10022	10009	10023	10010	10024	10011	10025	10012	10026	10013	10014	10027	10045	10028	10046	10029	10047	10030	10048	10031	10049	10032	10050	10033	10051	10034	10052	10035	10053	10036	10054	10037	10055	10038	10056	10039	10057	10040	10058	10062	10041	10042	10059	10043	10060	10044	10061	10063	10064	10065	10066	10067	10084	10068	10085	10069	10086	10070	10087	10071	10088	10072	10089	10073	10090	10074	10091	10075	10092	10076	10093	10077	10094	10078	10095	10079	10096	10080	10097	10081	10082	10083	10098	10099	10118	10100	10119	10101	10120	10102	10121	10103	10122	10104	10123	10105	10124	10106	10125	10107	10126	10108	10127	10109	10128	10110	10129	10111	10130	10112	10131	10113	10132	10114	10133	10115	10116	10117	10134	10140	10141

#koopas
3	30006	30007	30008	30009	30010	30018	30019	30020	30021	30022	30023	30024	30025	30026

#Goomba
4	30012	30013	30014	30015	30016	30017

#gach
24	40000

#man
25	40001	40002

#so 3
26	40003
#player
27	40004	40005
	
[OBJECTS]
# type	x	y	ani_set_id	0	0	extra_settings per object type
# type: 0 = Mario , 1 = Brick, 2 = Goomba, 3 = Koopas
#
1	0	188	24	0	1	256	224
#
13	110	95	26	0	0
#
14	110	110	27	0	0
